7200.174393
6985.470001
7344.884183
7410.656566
7411.317327
7769.219039
8163.692239
8079.862777
7879.071524
8166.55414
8037.537389
8192.494005
8144.194517
8827.764426
8807.010275
8723.785766
8929.037678
8942.808903
8706.24513
8657.642939
8745.894788
8680.876042
8406.516068
8445.434282
8367.847773
8596.829833
8909.819178
9358.590317
9316.629504
9508.993595
9350.529365
9392.875368
9344.365293
9293.521089
9180.962967
9613.424289
9729.802231
9795.943773
9865.119469
10116.67376
9856.611494
10208.23626
10326.05452
10214.37946
10312.11609
9889.424628
9934.43339
9690.142618
10141.99637
9633.386885
9608.475903
9686.441198
9663.181829
9924.515228
9650.174807
9341.705169
8820.5222
8784.493849
8672.45535
8599.50862
8562.45405
8869.670311
8787.786456
8755.245895
9078.762792
9122.545573
8909.953652
8108.116291
7923.644703
7909.729393
7911.430129
4970.787901
5563.706892
5200.366264
5392.31488
5014.479977
5225.629193
5238.438577
6191.192952
6198.778205
6185.066515
5830.254798
6416.314758
6734.80378
6681.063127
6716.440549
6469.798135
6242.193868
5922.043123
6429.841934
6438.644766
6606.776268
6793.624596
6733.387391
6867.527316
6791.129441
7271.781153
7176.4145
7334.098453
7302.089511
6865.493372
6859.082963
6971.091591
6845.037697
6842.427861
6642.109893
7116.804218
7096.184659
7257.664858
7189.424824
6881.958693
6880.323474
7117.207479
7429.724649
7550.901027
7569.936034
7679.867204
7795.600835
7807.058451
8801.037767
8658.55418
8864.766808
8988.596207
8897.46851
8912.654605
9003.070178
9268.762081
9951.518745
9842.666368
9593.896734
8756.431142
8601.796202
8804.477811
9269.987706
9733.721471
9328.197226
9377.014026
9670.739371
9726.574815
9729.037919
9522.981157
9081.762023
9182.577518
9209.287428
8790.368001
8906.934761
8835.053061
9181.017948
9525.751095
9439.12439
9700.414072
9461.058918
10167.2681
9529.804149
9656.717765
9800.636595
9665.532789
9653.679263
9758.852417
9771.489484
9795.700195
9870.094453
9321.781298
9480.843789
9475.277338
9386.787892
9450.701987
9538.024374
9480.255366
9411.840462
9288.018716
9332.340762
9303.629714
9648.71761
9629.658366
9313.610349
9264.813043
9162.917604
9045.390957
9143.582191
9190.854465
9137.9934
9228.32559
9123.410154
9087.303911
9132.487951
9073.942869
9375.474759
9252.277504
9428.333085
9277.967906
9278.807867
9240.346327
9276.49985
9243.613855
9243.213416
9192.837368
9132.227863
9151.39224
9159.039905
9185.816912
9164.231365
9374.887528
9525.36345
9581.072011
9536.892686
9677.113497
9905.167247
10990.8734
10912.82305
11100.46813
11111.21429
11323.46642
11759.59277
11053.6139
11246.34877
11205.89292
11747.02283
11779.77326
11601.47271
11754.04581
11675.73934
11878.11133
11410.52568
11584.93458
11784.13739
11768.87062
11865.69857
11892.80406
12254.40191
11991.23325
11758.28359
11878.37162
11592.48904
11681.82556
11664.84799
11774.59584
11366.13508
11488.36349
11323.39703
11542.49973
11506.86532
11711.50616
11680.82049
11970.47874
11414.03373
10245.29669
10511.81388
10169.56722
10280.3517
10369.56374
10131.51665
10242.34778
10363.13904
10400.91469
10442.1706
10323.7558
10680.83743
10796.95099
10974.90489
10948.98992
10944.5858
11094.34628
10938.27129
10462.25962
10538.46032
10246.18649
10760.06626
10692.71721
10750.72358
10775.26938
10709.65218
10844.64098
10784.49158
10619.45191
10575.97504
10549.3289
10669.58254
10793.33943
10604.40589
10668.96896
10915.68573
11064.45759
11296.36143
11384.18195
11555.36289
11425.8994
11429.50689
11495.34965
11322.12269
11358.10157
11483.35971
11742.03715
11916.33514
12823.68919
12965.89129
12931.53902
13108.06261
13031.17431
13075.2477
13654.21844
13271.28537
13437.88324
13546.52227
13780.9947
13737.10983
13550.48938
13950.30085
14133.70715
15579.84846
15565.88058
14833.75411
15479.56704
15332.3156
15290.90268
15701.33973
16276.34395
16317.80819
16068.13871
15955.58744
16716.11132
17645.40577
17804.00563
17817.09025
18621.31437
18642.23277
18370.00252
18364.12159
19107.46445
18732.12078
17150.62358
17108.40173
17717.41501
18177.48342
19625.83503
18802.9983
19201.09116
19445.39848
18699.76561
19154.23113
19345.12096
19191.63129
18321.14492
18553.91538
18264.99211
18058.90335
18803.65687
19142.38253
19246.64434
19417.07603
21310.59813
22805.16149
23137.96056
23869.83196
23477.2952
22803.08141
23783.0285
23241.34487
23735.94973
24664.79027
26437.03751
26272.29457
27084.80789
27362.43656
28840.95342
29001.71982
29374.15189
32127.26794
32782.02447
31971.91352
33992.42934
36824.36441
39371.04235
40797.61072
40254.5465
38356.43951
35566.65594
33922.96058
37316.3594
39187.32812
36825.36585
36178.1389
35791.27792
36630.07568
36069.80639
35547.75089
30825.69851
33005.76356
32067.64288
32289.37809
32366.39305
32569.84956
30432.54708
33466.09636
34316.38765
34269.52154
33114.35775
33537.17682
35510.28904
37472.0901
36926.06447
38144.30686
39266.01073
38903.44148
46196.46372
46481.10424
44918.18449
47909.33119
47504.85118
47105.51747
48717.29021
47945.05683
49199.87134
52149.00754
51679.79669
55888.13368
56099.52051
57539.94367
54207.31907
48824.42687
49705.33332
47093.85302
46339.76008
46188.45128
45137.77047
49631.24137
48378.98805
50538.24341
48561.16615
48927.30455
48912.38173
51206.69295
52246.52231
54824.11781
56008.5494
57805.12302
57332.08896
61243.08477
59302.31698
55907.20023
56804.90123
58870.89333
57858.92071
58346.65297
58313.64261
57523.42099
54529.14561
54738.94493
52774.26369
51704.16193
55137.31373
55973.51084
55950.74577
57750.19987
58917.69305
58918.83271
59095.80798
59384.31336
57603.88917
58758.55629
59057.87897
58192.35868
56048.93781
58323.95358
58245.003
59793.23541
60204.96491
59893.45189
63503.45793
63109.69593
63314.01085
61572.7896
60683.82123
56216.185
55724.2671
56473.03228
53906.08805
51762.27205
51093.65071
50050.86822
49004.25326
54021.75479
55033.11801
54824.7049
53555.10849
57750.17735
57828.05063
56631.07741
57200.29122
53333.53775
57424.00595
56396.51416
57356.40188
58803.77581
58232.31614
55859.79754
56704.57306
49150.53388
49716.1916
49880.53342
46760.18656
46456.05847
43537.51139
42909.40093
37002.44047
40782.73826
37304.69067
37536.63111
34770.58362
38705.97864
38402.22385
39294.19738
38436.96854
35697.60639
34616.068
35678.1292
37332.85369
36684.92452
37575.17958
39208.76599
36894.40533
35551.95873
35862.37773
33560.70784
33472.63175
37345.12149
36702.59937
37334.39953
35552.51715
39097.8609
40218.47786
40406.26899
38347.06323
38053.50417
35787.24478
35615.86927
35698.29644
31676.69373
32505.65982
33723.02898
34662.43589
31637.78006
32186.27767
34649.64459
34434.33531
35867.77774
35040.83725
33572.11765
33897.04859
34668.5484
35287.77977
33746.00246
34235.19345
33855.32689
32877.37263
33798.01021
33520.51995
34240.18701
33155.84813
32702.02592
32822.34874
31780.73137
31421.53845
31533.06753
31796.81014
30817.83166
29807.34767
32110.69326
32313.10632
33581.55061
34292.44591
35350.18697
37337.53331
39406.94098
39995.90647
40008.42085
42235.54771
41626.19568
39974.89603
39201.94519
38152.98209
39747.50502
40869.55433
42816.49897
44555.80066
43798.11768
46365.40065
45585.03077
45593.63593
44428.28847
47793.32118
47096.94566
47047.00454
46004.48408
44695.35762
44801.18872
46717.57875
49339.17604
48905.49059
49321.65405
49546.14771
47706.11855
48960.78728
46942.21787
49058.66973
48902.40221
48829.8326
47054.98479
47166.68795
48847.02907
49327.72318
50025.37461
49944.62691
51753.41193
52633.5362
46811.12953
46091.3893
46391.42298
44883.91011
45201.45898
46063.27036
44963.07263
47092.49383
48176.34639
47783.3578
47267.52002
48278.36352
47260.21733
42843.80244
40693.67719
43574.50943
44895.0966
42839.7517
42716.59315
43208.5391
42235.73185
41034.54467
41564.36348
43790.89563
48116.94122
47711.48646
48199.95156
49112.90128
51514.81406
55361.44943
53805.98516
53967.84677
54968.22445
54771.57918
57484.78947
56041.05684
57401.09753
57321.52528
61593.95006
60892.18069
61553.61738
62026.07783
64261.99119
65992.83704
62210.17308
60692.26443
61393.61719
60930.83644
63039.82551
60363.79205
58482.38794
60622.13671
62227.96459
61888.83122
61318.95777
