7254.330611
7212.155253
7413.715099
7427.385794
7544.496872
7781.867183
8178.215873
8396.737881
8082.296074
8166.55414
8218.358937
8200.06347
8197.788179
8879.511527
8890.11742
8846.461099
8958.121952
9012.198106
9164.36226
8745.590797
8755.706296
8792.993871
8687.747088
8514.667035
8458.453015
8602.401246
8977.726962
9358.590317
9406.431793
9553.126133
9521.705926
9439.323332
9468.797618
9540.371738
9331.265817
9701.300037
9824.619261
9834.71679
9876.749341
10129.43516
10165.76536
10210.05264
10393.61172
10457.6272
10321.9958
10341.5559
10053.96901
9938.81578
10161.93531
10191.67585
9643.216731
9723.014985
9698.231123
9937.404106
9951.746149
9652.736865
9354.77831
8932.893047
8890.456005
8775.632012
8726.79676
8921.308395
8901.598683
8843.36575
9142.054296
9167.695796
9163.221096
8914.344155
8177.793224
8136.945223
7950.814356
7929.116019
5838.114937
5625.226505
5836.645006
5385.229522
5371.348516
5331.83386
6329.735948
6844.261528
6378.135171
6359.69729
6443.934547
6789.022724
6892.511359
6735.463879
6793.836197
6467.501165
6250.467309
6517.195789
6504.515324
6612.573791
7088.247324
7003.220784
6878.953518
6883.414143
7271.781153
7427.93934
7356.223864
7341.448314
7303.815198
6926.069634
7119.947062
6965.616638
6958.557224
6928.66437
7134.450528
7167.182988
7269.956531
7280.521782
7240.290597
6934.551871
7145.865745
7491.78493
7574.196026
7641.363977
7700.594295
7795.600835
7814.527141
8871.753727
9440.650673
9048.023833
9007.187803
9167.781344
8956.906519
9062.414564
9411.46787
9992.663921
9996.743353
9913.862993
9595.580629
9033.471176
8949.897979
9317.878554
9793.268209
9755.828498
9564.204989
9823.002288
9906.030203
9836.047524
9804.793888
9555.242175
9232.936093
9302.501649
9288.404016
8951.005638
8991.967626
9203.320515
9546.319602
9573.666817
9704.030309
9700.343895
10199.56497
10182.34071
9682.85947
9887.610629
9869.236906
9773.432016
9768.497902
9782.306497
9836.368969
9908.896559
9938.297674
9540.465393
9493.211715
9482.270936
9504.860065
9579.430375
9540.423271
9482.781986
9440.876034
9394.971594
9401.107497
9655.073218
9670.540762
9680.367146
9340.161506
9310.516382
9207.810983
9197.547017
9237.572755
9217.836013
9309.754864
9274.962923
9202.344384
9183.295583
9162.183232
9375.474759
9360.617575
9450.335672
9431.378581
9287.471594
9293.532681
9319.419417
9306.40493
9283.842142
9275.325125
9214.312698
9182.254308
9230.983505
9201.398483
9214.270629
9407.263056
9530.519009
9610.247125
9623.337032
9704.557013
10023.80766
11298.22176
11204.3276
11304.39707
11169.35667
11415.8639
11794.77539
12034.14415
11453.07872
11385.38157
11786.6169
11902.33597
11898.03841
11800.06485
11806.05628
12045.14032
11932.71117
11748.39649
11796.39619
12150.99367
11963.20306
11934.90092
12359.05702
12335.70707
12028.92344
11900.41118
11899.25932
11689.40739
11713.42979
11807.63232
11778.2999
11530.05307
11570.78631
11545.61541
11585.64068
11715.26485
11768.87674
12067.08129
11964.8228
11443.02279
10663.92005
10581.57141
10353.92807
10399.15343
10414.77521
10350.54273
10503.91253
10434.92255
10578.83825
10577.21524
10800.01106
10938.63204
11100.12434
11037.42113
11034.90807
11134.09272
11095.86979
10988.30478
10568.07675
10537.82809
10771.0562
10777.69586
10772.99866
10803.97608
10945.34791
10860.0007
10847.25699
10933.62431
10657.83799
10598.9408
10686.0001
10793.50785
10797.57809
10680.5082
10945.73703
11102.67151
11442.21111
11428.81377
11698.46774
11548.98483
11539.97795
11569.91419
11540.06193
11386.26157
11483.35971
11799.09298
11999.91802
13184.56617
13161.59411
13015.96144
13145.06669
13329.18403
13225.29776
13759.66873
13837.69545
13612.04802
13651.51627
14028.21429
13862.03363
13808.32287
13984.98193
14218.76647
15706.40446
15903.43798
15737.09557
15637.32034
15785.13687
15450.32935
15916.26081
16305.00423
16463.17784
16317.80834
16123.11046
16816.18145
17782.92055
18393.94915
18119.54785
18773.22751
18936.62069
18688.96913
18711.42673
19348.27096
19390.96556
18866.28613
17445.02429
17853.93919
18283.62817
19749.26369
19845.97548
19308.33066
19566.19188
19511.40471
19160.44926
19390.4999
19411.82768
19283.47834
18626.29265
18553.29973
18268.45284
18919.55123
19381.53577
19305.10044
19525.00759
21458.9079
23642.66011
23238.60062
24085.85537
24209.65989
24059.98231
23789.90284
24024.48959
23768.33854
24710.10156
26718.07089
28288.84002
27389.11206
27370.72008
28937.74
29244.87669
29600.62695
33155.11882
34608.55674
33440.21857
34437.59059
36879.69857
40180.36791
41946.73935
41436.35001
41420.19103
38346.5295
36568.52697
37599.9606
39966.40524
39577.71119
37864.36888
36722.34988
37299.28581
37755.89186
36378.3267
35552.6795
33811.85156
33360.97819
32944.00894
34802.74298
32794.54959
32564.03024
33858.31099
38406.26096
34834.7083
34288.33148
34638.21349
35896.88214
37480.18789
38592.17638
38225.90595
40846.5469
39621.83549
46203.93144
48003.72396
47145.5682
48463.46713
48745.7338
48047.74459
49487.64087
48875.57161
50341.10325
52533.91431
52474.10725
56113.65055
57505.22819
58330.57214
57533.38933
54204.92976
51290.13669
51948.96698
48370.78526
48253.2701
46716.43099
49784.01529
50127.50988
52535.13578
51735.09105
49396.43086
49147.21822
51384.36601
52314.0688
54824.11781
57258.25498
58091.0627
57996.61949
61683.86401
61597.9184
60540.99271
56833.17978
58969.81635
60116.24964
59498.37646
60031.28697
58767.89679
58471.47865
55985.44014
57262.38293
53392.386
55137.31373
56568.21605
56610.31197
58342.09641
59447.22403
59930.02716
59586.07225
60267.18765
60110.26846
58913.74779
59891.29691
59479.57855
58731.1429
58338.73823
58937.04652
61276.66537
60790.55532
61253.03692
63742.28334
64863.09891
63821.67219
63594.72091
62572.17605
61057.45651
57520.05478
57062.15025
56757.97159
55410.22866
52120.79165
51167.56336
50506.0191
54288.00216
55416.96406
56227.20565
55115.84415
57900.71999
58448.33881
57902.59217
58973.30843
57214.17876
57911.3636
58363.31462
58606.63397
59464.61249
59210.88179
59519.35443
56872.54492
57939.36241
51330.84359
51438.11908
50639.66533
49720.04462
46623.55823
45812.45841
43546.11648
42462.98499
42172.17362
38831.05444
38289.21812
39835.13983
39776.3498
40782.07818
40379.61767
38856.96789
37234.49848
36400.66888
37468.24899
37896.73619
38231.33918
39478.95118
39242.48626
37917.71415
36436.42096
36790.57216
34017.38798
37537.37115
38334.32544
37608.69429
37408.9256
39322.78021
40978.36448
41295.26857
40516.77683
39513.67016
38187.26016
36457.79628
36059.48352
35721.63963
33292.45476
34753.4085
35228.85261
35487.248
32637.58719
34656.12736
35219.89179
36542.11102
36074.75976
35035.98271
33939.5887
34909.2599
35937.56715
35284.34443
35038.53636
34997.66476
33907.90805
34042.29177
34209.0702
34584.70455
34592.1556
33327.10142
33061.39896
33159.64095
32218.40661
31935.94439
32398.99519
31885.85993
31006.18663
32752.32636
32576.40001
33581.55061
34490.39124
35364.92558
40499.67728
39406.94098
40816.06972
40593.07226
42235.54771
42231.44828
42541.67948
40419.18086
39750.03091
39952.29787
41341.93499
43271.65861
44689.86096
45282.35328
46456.83292
46637.98783
46735.63156
46228.91094
47831.97604
48098.68409
47357.10643
47998.09668
47139.5706
45952.06217
46970.76087
49342.15227
49717.01892
49471.61043
50482.07641
49878.77129
49202.87847
49347.58357
49112.78526
49283.50565
49644.11466
48925.60652
48189.55019
49111.08879
50343.4207
50982.27157
50545.58101
51868.68163
52700.94146
52853.7638
47334.05564
47261.94853
47031.74238
45969.29282
46364.87885
46598.67898
47218.12535
48450.46847
48486.82941
48160.92075
48791.77937
48328.36734
47328.19884
43607.60998
43978.61922
44942.17465
45080.49106
42996.2597
43919.30097
44313.24588
42775.14614
42545.25855
44092.60056
48436.01127
48282.06088
49130.69221
49456.77578
51839.98572
55568.46355
55338.62374
55922.98102
55397.94347
56401.30424
57793.03925
57627.8786
57688.6601
58478.7355
62757.1297
62274.47709
61645.52248
62614.65905
64434.53337
66930.38727
66600.54681
63715.02168
61743.87801
61505.80335
63729.32571
63229.0264
61435.1846
62128.63295
62927.60964
62330.14553
62406.17045
