7174.944153
6935.269972
6914.995908
7309.514012
7400.535561
7409.293182
7768.227719
7956.77422
7842.403613
7726.774989
8029.642108
8009.058884
8079.700741
8140.933096
8657.187447
8612.095837
8677.316348
8827.332345
8620.079993
8560.474043
8544.520453
8636.747435
8333.637874
8266.840578
8296.219007
8325.498083
8597.308779
8908.446929
9269.468139
9230.897279
9230.77618
9313.23879
9217.823977
9248.634232
9112.811417
9163.704139
9539.818085
9726.003157
9678.909791
9850.392213
9784.563802
9729.334891
10202.38765
10116.1615
10125.53379
9874.427508
9722.387157
9507.637994
9632.382763
9611.22354
9507.900061
9589.743601
9600.728786
9657.791145
9537.043223
9305.021186
8704.426551
8577.199309
8492.932153
8599.50862
8471.212626
8532.630945
8704.990294
8712.431812
8757.254034
9032.079583
8890.744172
8105.252804
7690.098186
7814.763244
7642.81243
4860.35383
4106.98075
5125.069347
5169.283391
4575.357887
4981.909413
5069.336152
5236.968753
5865.781964
5932.823386
5823.71407
5785.004453
6411.066512
6536.926184
6590.962716
6466.701806
6117.837749
5920.086018
5903.234347
6374.162171
6202.373512
6595.918277
6673.335758
6696.484668
6715.9293
6782.889745
7136.714186
7153.305674
7179.094341
6802.474966
6789.920702
6811.0779
6668.259764
6793.821209
6633.402692
6555.504275
7050.33183
7089.247168
7167.054562
6835.503145
6834.442325
6867.781689
7081.594628
7434.181556
7521.672419
7561.407853
7679.418951
7730.806542
7786.049296
8533.255933
8667.763217
8811.36633
8830.971255
8645.024126
8856.827155
8966.70599
9138.322572
9767.17307
9580.644492
8395.107451
8374.322975
8569.643988
8805.387813
9255.034846
9261.398
9260.694163
9349.546071
9570.358985
9539.624055
9447.201541
8869.931109
9008.638271
9118.108855
8787.251002
8719.668362
8757.293804
8834.157429
9148.457148
9379.338946
9366.729418
9432.296795
9450.899111
9460.571371
9471.846406
9525.246679
9663.216337
9591.024535
9458.15047
9675.885907
9664.720133
9728.29114
9263.069588
9285.851404
9396.009394
9347.593793
8990.175947
9400.445008
9327.339587
9328.395595
9274.296121
9247.379673
9300.430508
9296.871666
9547.247084
9278.233547
9095.324579
9101.738452
8998.216701
8975.525855
9041.876256
9084.837492
9104.734879
9036.623494
9058.794782
9053.629671
8977.015635
9058.664458
9201.815382
9249.499948
9234.99946
9118.002407
9199.48551
9197.45032
9224.292841
9171.661118
9171.933554
9088.947402
9089.202455
9100.82441
9097.633086
9137.509622
9149.389919
9319.653395
9483.004019
9481.453925
9530.212196
9652.847206
9903.970111
10632.6317
10856.14134
10895.45541
10987.05355
11239.68274
11018.13004
11012.41474
11094.14539
11158.28519
11598.7138
11408.59404
11558.43163
11548.78445
11662.25693
11195.70927
11249.60544
11216.87254
11685.45548
11768.69714
11737.1886
11806.69588
11954.52575
11687.33283
11710.06337
11564.97932
11448.80604
11559.92126
11623.25044
11189.85105
11296.99337
11185.94181
11316.42244
11466.29336
11492.38177
11598.3185
11601.12861
11290.79426
10182.46509
10207.94022
9946.675328
10056.88575
9916.492931
9945.110159
10017.25107
10238.13589
10140.83669
10292.38651
10224.3299
10266.00877
10656.46034
10704.88435
10774.62767
10829.65682
10909.61837
10814.47705
10380.26072
10382.7263
10197.86492
10231.49012
10578.91425
10667.28093
10622.92176
10703.89325
10649.49544
10669.32109
10472.35652
10416.6892
10511.12978
10534.39184
10634.60016
10528.89083
10562.50713
10562.6061
10846.85043
11056.94053
11288.62766
11240.687
11321.22451
11307.83087
11303.60351
11223.01278
11285.34551
11347.57856
11408.29012
11681.48002
11900.92862
12717.09346
12752.64702
12885.74663
12910.06109
12822.38233
13060.83804
12932.25058
12980.05928
13136.19869
13457.52983
13628.37822
13243.15987
13325.44138
13580.47207
14102.08909
15226.83939
14423.20291
14744.1099
14865.52928
15124.95989
15290.00682
15534.77181
15992.1528
15749.19297
15793.53392
15880.70568
16564.54499
17352.90661
17382.55399
17765.79577
18444.35892
17671.38483
18000.79611
18128.65617
18581.14653
16351.03485
16526.42353
16910.65271
17559.11762
18178.32212
18321.92093
18347.71784
18925.78443
18697.19291
18590.19368
18897.89407
18931.14292
18269.94544
17935.54782
17957.06521
17619.53239
18046.04072
18734.33289
19012.70941
19079.84238
19298.31728
21234.67653
22399.8128
22826.47217
23147.71103
22159.36806
22430.60469
22802.6457
22777.59681
23463.67427
24522.68948
25922.76976
26207.63993
25987.29807
27360.08971
28201.99199
28803.58501
29091.18119
32052.31708
28722.75527
30221.18674
33514.03374
36491.18981
36838.636
38980.87691
35984.62712
30549.59877
32697.97662
32584.66767
36868.56325
34659.58974
35633.55402
34069.32219
34883.84405
36069.80639
33570.4778
30250.74964
28953.37275
31493.15967
31106.68577
32087.78797
31030.26597
29367.13922
30023.20683
32064.81419
32940.18691
32270.17602
32384.22811
33489.21867
35443.98273
36317.49881
36658.76354
38138.38834
37446.15388
38076.32281
45166.96004
43881.1526
44187.76235
46424.97782
46392.28233
47114.50959
46347.47709
47201.30375
49072.37714
51015.76455
50937.27572
54626.55978
55672.60951
48967.56519
45290.59027
47213.49816
47093.85302
44454.84211
45269.02577
43241.61823
45115.09311
47228.84535
48274.3205
47656.92905
46542.51494
47257.52691
48918.68026
49506.05346
51981.83131
53290.89117
54484.59309
55376.65009
56217.97238
59302.31698
55393.16536
53555.02774
54528.62717
54253.58
56643.70149
58213.29736
56005.61701
54288.15803
53470.69338
52514.3334
50856.56869
51579.85506
54242.90968
55071.11199
55139.34176
57251.55061
57726.41877
58505.27905
58869.27997
57603.88917
57168.67578
57694.82602
57646.80889
55604.02359
55879.0842
57807.86384
58038.70628
59289.79563
59589.87376
59869.95629
61554.79669
62208.96437
60222.53208
60361.35218
52829.53593
54368.59366
53448.04838
53695.47033
50583.81406
47714.66215
48805.2847
47159.48584
48852.79684
53319.18665
53887.91782
52418.02845
53129.60088
57052.27418
56141.90652
56590.86914
53191.42503
52969.05536
55382.5061
55321.84671
56975.21065
56482.00355
54071.45538
54608.65246
49150.53388
46980.01875
48868.57829
46664.14187
43963.35019
42207.28811
42367.83145
30681.49691
35050.61582
33616.45388
35383.68375
31227.33943
34551.08055
36581.42892
37905.83485
37247.90368
34779.03943
33693.92946
33520.73796
34241.94356
35787.08597
35966.30716
37243.97373
35717.7223
34900.41224
35304.58008
33480.64124
31114.44247
32475.86603
35847.59364
36044.44991
34728.1901
34864.10994
38757.28412
39609.4692
38176.03418
37439.67411
35255.85492
34933.06225
33432.07604
31295.93553
28893.62166
31772.63236
32385.2147
31350.88386
30184.50179
32071.75715
33902.07589
34252.48489
34086.15188
32883.78123
32770.68078
33402.69654
34396.47746
33213.66103
33599.91617
33839.28916
32133.18273
32318.88036
33116.01311
33346.73772
32697.30865
32261.42048
31639.12411
31175.70975
31100.67337
31223.99087
31215.49231
30563.73535
29360.95584
29526.18371
31745.29924
32057.89354
33424.859
33881.83745
35287.31171
36441.72631
38862.43592
39352.05977
38397.35451
41110.83251
39540.94008
38746.34717
37782.05245
37589.16562
37458.00399
39932.17942
42618.56614
43331.90982
42848.68795
44705.55658
45351.71115
43861.44704
44282.41742
46177.63333
45579.59012
45700.32187
44512.41753
44364.02745
43998.31551
46650.70851
48312.19764
48199.941
49074.6054
47687.118
47163.61432
46405.78243
46394.28309
48499.23891
47925.85558
46950.27228
46750.09395
46562.43745
48652.31979
48386.08616
49548.78045
49538.59838
51053.67851
43285.20859
44561.39446
45669.73965
44344.48542
44818.26641
44790.46205
43591.32078
44752.33135
46773.32654
47079.55712
46832.5246
47087.28419
46919.80476
42598.91585
39787.6098
40625.63419
43109.33829
40936.55717
41759.92043
40848.46166
42190.63258
40931.6625
40829.66928
41444.5816
43320.02298
47465.49576
47157.28761
47045.00375
49072.83925
50488.19075
53525.46835
53688.05529
53735.14288
54264.25639
54519.76552
54477.97447
54370.97323
56957.07614
56868.14269
60206.12006
59164.46838
60012.75693
61622.93372
63610.67499
62117.40871
60122.79782
59826.52174
59643.34538
60691.79895
59991.16069
58208.18905
58206.91786
60329.96507
60918.38528
60074.32959
