7194.891971
7202.551122
6984.428612
7345.375275
7410.451694
7410.452168
7768.681891
8161.935477
8082.296074
7878.307538
8162.191138
8033.261846
8189.772064
8140.933096
8825.343685
8812.481491
8725.209964
8927.21226
8941.445745
8704.631814
8658.991183
8744.210751
8680.65056
8405.567733
8440.119587
8364.41007
8597.308779
8912.52434
9357.470379
9316.016978
9508.313142
9346.357628
9389.820591
9344.683679
9292.8419
9183.415777
9617.821045
9726.003157
9793.07042
9863.894881
10115.55969
9855.891709
10202.38765
10323.96049
10211.55039
10313.85684
9889.179705
9936.56026
9691.230945
10143.79836
9629.32531
9611.78202
9687.70676
9663.318642
9921.583461
9651.312799
9338.29028
8825.093518
8788.728547
8671.212542
8599.758344
8563.264259
8865.387965
8788.542186
8760.28504
9078.308529
9121.600536
8908.206015
8111.146392
7922.147042
7910.089807
7913.616388
5017.830839
5573.07765
5201.066687
5385.229522
5002.578138
5227.113689
5245.416603
6191.653721
6206.52165
6185.557903
5831.374735
6436.642451
6738.71664
6675.170655
6719.388974
6467.254046
6245.624627
5925.538489
6430.606528
6437.319215
6606.776268
6797.396592
6738.38302
6862.537826
6788.049803
7273.644211
7179.283418
7337.966183
7303.815198
6867.440452
6858.068025
6965.616638
6843.281777
6845.561717
6640.453889
7116.552609
7092.291523
7260.922579
7186.873741
6879.78435
6879.4403
7121.306059
7434.181556
7550.483012
7570.138938
7679.418951
7796.970441
7806.712564
8797.67005
8672.781914
8869.057619
8983.614149
8895.744874
8912.83216
9007.441256
9261.895058
9936.162482
9840.906384
9591.169231
8755.535639
8610.386212
8805.387813
9271.328638
9734.290775
9333.239873
9374.929987
9675.69498
9727.063604
9725.329365
9522.740083
9080.334738
9185.062727
9212.283404
8786.107695
8909.586073
8837.381213
9184.944998
9528.355629
9438.914009
9700.105697
9463.605662
10162.97314
9533.760493
9655.854453
9800.215477
9664.904775
9653.003325
9760.063252
9774.359936
9794.119511
9870.078529
9320.690855
9480.73575
9477.554037
9386.035291
9454.266431
9533.783751
9481.567062
9410.294348
9290.96028
9330.926478
9300.915458
9644.075942
9632.149579
9314.126889
9260.994994
9167.824278
9048.460837
9140.029071
9185.581261
9145.985055
9231.139653
9124.842646
9084.233734
9126.090803
9072.850074
9349.161374
9253.020154
9427.993877
9273.356995
9277.511963
9241.055044
9277.20466
9238.703228
9241.897
9191.980234
9131.812141
9151.184048
9158.006035
9187.22037
9162.514482
9375.080464
9527.141996
9585.514802
9539.485515
9680.234831
9905.217914
11017.46385
10912.95296
11099.83289
11110.21094
11322.5705
11758.76467
11043.76888
11246.20325
11203.8231
11749.87133
11778.89428
11604.55335
11737.32523
11662.25693
11881.64754
11404.59688
11588.40551
11772.65939
11768.69714
11866.68558
11895.65777
12251.89597
11990.88478
11761.49974
11878.02644
11585.47753
11679.69596
11663.68955
11773.58935
11366.89493
11485.6084
11325.2956
11541.05433
11508.71397
11713.30627
11679.31666
11964.8228
11407.19108
10230.36516
10512.5302
10167.21676
10280.99762
10369.30697
10134.15151
10242.33013
10369.02839
10409.86179
10452.39903
10328.73411
10677.75485
10797.76202
10973.25223
10951.82002
10933.75265
11095.86979
10934.92553
10459.62451
10535.49244
10248.78656
10761.10979
10695.57508
10746.89276
10776.61364
10709.65002
10843.87075
10795.25474
10619.82122
10575.10064
10550.44067
10676.52896
10796.30685
10603.35547
10669.37116
10927.91292
11059.14269
11296.08178
11392.63622
11548.71976
11429.0478
11426.6026
11502.82813
11322.12269
11355.98227
11495.03794
11745.97493
11913.07749
12801.63536
12971.54848
12931.57391
13108.06314
13031.20125
13075.24249
13654.21446
13271.29898
13437.87354
13546.53265
13780.99481
13737.03221
13550.45088
13950.48791
14133.73388
15579.72924
15565.88058
14833.75408
15479.59572
15332.35037
15290.90879
15701.29907
16276.44048
16317.80834
16068.13999
15955.57698
16685.69093
17645.19047
17803.86175
17817.08366
18621.31588
18642.23299
18370.01734
18365.01469
19104.40961
18729.84059
17153.91312
17112.93424
17719.63461
18178.32212
19633.77045
18801.74359
19205.9254
19446.96642
18698.38528
19154.18059
19343.1288
19191.52946
18320.88478
18553.29973
18263.92925
18051.31999
18806.76648
19144.49246
19246.91998
19418.8184
21308.3514
22806.79637
23132.86512
23861.76574
23474.45541
22794.0396
23781.97439
23240.20362
23733.56955
24677.01606
26439.37329
26280.82142
27081.80973
27360.08971
28841.57376
28994.00892
29376.45583
32129.40736
32810.94764
31977.04113
34013.61453
36833.87436
39381.76584
40788.64052
40254.2178
38346.5295
35516.36114
33915.11958
37325.10763
39156.70809
36821.64873
36163.64923
35792.23667
36642.23272
36050.1127
35549.39741
30817.62519
32985.75691
32064.37632
32285.79891
32358.61317
32564.03024
30441.04182
34318.67169
34295.93504
34270.87759
33114.57724
33533.20067
35510.82121
37475.10403
36931.54565
38138.38834
39250.19051
38886.82729
46184.99147
46469.7612
44898.71161
47877.03437
47491.20256
47114.50959
48696.53666
47944.45801
49207.27643
52140.97272
51675.98129
55887.33571
56068.56825
57532.73886
54204.92976
48835.08766
49709.08242
47180.46405
46344.77224
46194.01635
45159.50305
49612.10704
48415.81498
50522.30503
48527.03198
48899.23078
48918.68026
51174.11695
52272.96978
54824.0112
55963.18009
57821.21875
57343.37025
61221.1343
59267.42905
55840.78651
56825.8289
58893.07806
57850.44064
58332.26221
58309.91303
57517.89149
54511.66203
54710.48908
52726.74557
51683.01009
55137.56724
55974.94119
55947.89897
57750.13284
58930.27778
58926.56415
59098.87907
59397.40846
57604.83862
58760.87326
59171.93202
58186.50853
56099.91311
58326.56362
58253.77681
59846.23079
60175.94476
59890.01779
63523.75487
63075.19622
63258.50517
61529.921
60701.88609
56191.58411
55681.79251
56471.12772
53857.10689
51739.80693
51143.22627
50052.83165
49077.79236
54030.30372
55036.63742
54858.09149
53568.66358
57714.66486
57825.86282
56620.27262
57214.17876
53252.16476
57441.30708
56413.95355
57352.76595
58877.3887
58250.87253
55847.24104
56714.53317
49735.43206
49682.98186
49855.49465
46716.63799
46415.89925
43488.05799
42944.97545
36753.66971
40596.94832
37371.02991
37531.44845
34700.36357
38795.78025
38392.62366
39316.88968
38507.08308
35684.15688
34607.40598
35658.59296
37293.79237
36699.92292
37599.40994
39242.48626
36880.15597
35538.60873
35835.26551
33589.52086
33416.97785
37389.51565
36697.03129
37340.14284
35555.79014
39016.97018
40427.16992
40168.69037
38341.4238
38099.47705
35854.52922
35563.13941
35641.14606
31622.37709
32515.7143
33682.8004
34659.1045
31594.66357
32287.52321
34679.12222
34475.5597
35908.38805
35035.98271
33549.60018
33854.42136
34665.56487
35284.34443
33723.50966
34225.68033
33889.60635
32861.67129
33811.24302
33509.07726
34254.01659
33125.46869
32723.84605
32827.87455
31841.55132
31397.3086
31533.88472
31800.01264
30838.28525
29796.28569
32138.87281
32305.95885
33593.72941
34290.29139
35384.02988
37276.03603
39503.18569
39995.45199
40027.48332
42196.30389
41460.84408
39907.26285
39178.40357
38213.33197
39744.51416
40865.86692
42832.79664
44574.43859
43791.92742
46280.84767
45599.70403
45576.88033
44439.69279
47810.68929
47096.66857
47019.96132
45936.45634
44686.75081
44741.88335
46723.12115
49327.07373
48869.10424
49291.67737
49562.34673
47727.25669
49002.64181
46894.55507
49072.58522
48911.24836
48834.85268
47024.34166
47099.77487
48807.84886
49288.24911
50009.3251
49937.85802
51769.00432
52660.47935
46827.76337
45774.74222
46396.66247
44869.84026
45206.62927
46057.21533
44960.04936
47097.99812
48158.9072
47771.00311
47273.52581
48268.85742
47261.4065
43012.23444
40677.95483
43560.29537
44894.30212
42840.89051
42721.62866
43234.18493
42200.89661
41064.98395
41551.27084
43816.74064
48137.46873
47680.02841
48208.90763
49174.95962
51486.66574
55338.62374
53802.14604
53929.78147
54952.82125
54734.12484
57526.83201
56038.25679
57372.83208
57345.90198
61609.52715
60887.65305
61548.80343
62043.16584
64284.58619
66002.2322
62237.89107
60694.62798
61368.34317
60893.92758
63032.76251
60351.99862
58470.72958
60624.87076
62239.36221
61850.48946
