18565664997
20802083465
28111481032
18444271275
19725074095
23276261598
28767291327
31672559265
24045990466
28714583844
25521165085
22903438381
22482910688
44841784107
40102834650
31313981931
36372139320
32337772627
34217320471
26422375678
24097418512
22600204051
25770680779
24397913026
19647331549
22177678796
28647338393
34398744403
30682598115
32378792851
29432489719
25922656496
30835736946
30934096509
29893183716
35222060874
37628823716
34522718159
35172043762
35807884663
39386548075
37648059389
43444303830
49356071373
43338264162
43865054831
43374780305
45998298413
47271023953
46992019710
44925260237
40930547513
35838025154
41185185761
45080496648
42515259129
50420050762
45470195695
44605450443
35792392544
35349164300
42857674409
42386715821
34746706368
39698054597
40826885651
36216930370
39973102121
46936995808
42213940994
38682762605
53980357243
74156772075
36154506008
33997889639
45368026430
38622642935
37878801016
51000731797
54442976103
42494390880
40099664740
46491916000
48221910672
44590107888
35319797642
34585598367
34885225901
28373690931
37101651525
32786468812
40346426266
47660646124
38976504903
33185988584
29510409856
46896904615
44243482668
37563249549
34815139178
43622840992
31222085946
35759567632
38619308647
34110434052
32288311031
46783242377
32513423567
32447188386
31311210215
37747113936
32589741511
33249153866
43500782316
34636526286
32941541447
33070154491
36162144725
33187959921
60201052203
66964629541
44068389997
40134388683
47101785174
45718796276
43148462663
49371886931
61112700562
51780748042
46566121841
63325279337
57119858802
42142717533
45558144023
56426907637
48158802327
36164766408
40084250663
41827139896
39254288955
36546239703
39326160532
29810773699
27727866812
32518803300
31288157264
29584186947
32740536902
34367073114
32896642044
32722975141
27773290299
35198901068
39137252109
25007459262
25921805072
23509628646
20438419222
25015250846
21486346312
23717842783
25706567601
30247143440
22610564515
17564322315
18991732746
26699704768
21565537209
20177709879
17770083003
19632223107
17130541557
15324301169
21104009514
17006433272
18961716076
18616048626
18341465837
17273093144
14560870760
16460547078
15735797744
15971550355
16338916796
13078970999
12290528515
12903406143
17889263252
13839652595
19702359883
18000702524
16860035605
13249910444
14452361907
17519821266
18085038362
15844731575
15713967523
13944570749
12252601475
12939002784
13755604146
18069581956
16532254884
18146399002
16552768325
16610070933
20507998997
35359749590
28766551142
24617249715
22857247901
23160469766
26075670303
27410067336
20271713443
21250197042
24411254471
23400740340
23132312867
17572057837
17489608833
26114112569
27039782640
25064548486
27522199497
24237958589
23354924400
20583375490
28227687027
26043227672
24502851117
20175242945
23762425999
20224191306
18482062658
20681511755
26301509932
22466660958
23240415076
19807127588
17485597759
19760127945
22285928250
27311555343
28037405299
31927261555
29965130374
44916565292
37071460174
33703098409
33430927462
24128292755
54406443211
45201121775
36750077324
36506852789
35453581940
32509451925
30769986455
38151810523
26341903912
22764204008
24699523788
28884999244
23621787804
23788661867
47144380902
39348590957
46852525493
53745972818
47762394731
46582396602
44171073700
40023134100
48661453918
44660271563
71251776995
47537578009
42623695307
37799458436
63314794397
22799117613
22877978588
19968627060
26163972642
24241420251
24103426719
24487233058
25635480772
19130430174
18283314340
23860769928
30915821592
43414712626
34729759598
28974975003
24542317940
24406920575
29461458313
33749878156
35867318895
56499499598
30581485201
30306464719
24453857900
30771455468
29869951617
35116364962
40856321439
39837841971
35024953706
26632075029
34149115566
25574938143
29772374934
34175758344
31599492172
27481710135
23653867583
31526766675
39006849170
49064800278
36985055355
36992873940
39650210707
41280434226
42741112308
51469565009
43710357371
61396835737
38886494645
32601040734
31133957704
47728480399
49633658712
37387697139
31930317405
33872388058
27242455064
25293775714
26896357742
31692288756
34420373071
25547132265
27919640985
21752580802
25450468637
22473997681
26741982541
44409011479
71378606374
40387896275
38487546580
37844228422
45852713981
44171632681
51146161904
41080759713
42068395846
48332647295
66479895605
49056742893
45265946774
51287442704
46754964848
40730301359
67865420765
78665235202
81163475344
67547324782
75289433811
84762141031
88107519480
61984162837
79980747690
1.23E+11
74773277909
69364315979
63615990033
67760757881
57706187875
52359854336
49511702429
57244195486
66834573161
75643067688
77207272511
48354737975
48643830599
59897054838
60255421470
62576762015
76517157706
1.18E+11
65141828798
52754542671
61400400660
63088585433
61166818159
68838074392
58598066402
71326033653
65500641143
1.01E+11
91809846886
87301089896
81388911810
76555041196
70250456155
71248675228
77069903166
77049582886
80820545404
52054723579
63495496918
68145460026
51897585191
92052420332
1.06E+11
63695521388
54506565949
3.51E+11
45910946382
53443887451
53891300112
47530897720
53220811975
52343816680
48625928883
34363564661
43137459378
48597428048
50912227385
57295577614
56772343595
55689944702
60669829814
43901225564
66419369890
59749798599
60258313191
55746041000
49063873786
50361731222
51943414539
56521454974
56435023914
70567223787
67999812841
56652197978
47266542233
47686580918
57625587027
54414116432
65520826225
61669163792
58727860620
59641344484
50749662970
60706272115
66058027988
75645303584
53053855641
46655208546
58238470525
46280252580
51828688519
69983454362
77451779687
60954381579
84293007468
66138759198
97468872758
65344865159
67849323955
54926612466
74798630778
86668667320
49014494781
46117114240
58284039825
49448222757
48000572955
46088929780
52395931985
42836427360
38177405335
51713139031
68564706967
69241316747
69523285106
68434023376
65382980634
65906690347
71776546298
61308396325
75215403907
96721152926
55737497453
59161047474
64047871555
74903638450
56187365084
1.26E+11
88281943359
82051616861
57377273240
78469274361
67359584098
56211915803
51346735160
43210968721
55200191952
45231013335
31646080921
39009847639
34639423297
33070867190
35460750427
41831090187
35959473399
28913440585
33683936663
49902050442
53972919008
43576032854
38699736985
37924228550
40669112838
43148914673
46420149185
39211635100
37096670047
36200887275
31207279719
36664034054
52809038594
58964353058
46317108925
33123368116
40230904226
38585385521
35511640894
33892523752
37901460044
34059036099
37838957079
38728974942
24383958643
24924307911
26721554282
26501259870
24796027477
29910396946
27436021028
22971873468
20108729370
24321499537
19120856669
21376531210
21300524237
23699476918
18895018942
18787986667
20434789545
23148267245
28203024559
19555230518
22552046192
21664706865
20856685287
51022126212
35097370560
38702404695
27167146027
33072782960
25802845343
26688438115
25595265436
26189830450
25372562724
35185031017
38226483046
40030862141
36302664750
38734079049
33546019517
34319709073
33723620826
31744259539
31211354442
30988958446
32776876610
33451362600
32194123075
37204312299
34706867452
40585205312
25370975378
34305053719
35361168834
32646349931
32666549568
34511076995
28568103401
25889650240
31847007016
34730363427
39139399125
39508070319
43206179619
37471327794
30322676319
38884105426
65210059683
49007762488
38672657013
39154666597
34499835245
27881980161
40969943253
38652152880
30484496466
31764293754
28727713711
28575630451
26967722648
43909845642
48701090088
38139709246
34244064430
42839345714
31604717236
30661222077
30980029059
30214940550
30602359905
31141681925
42850641582
30614346492
26638115879
33383173002
35873904236
49034730168
36807860413
34800873924
32491211414
39527792364
42637331698
41083758949
41684252783
36615791366
51780081801
34250964237
29032367511
38055562075
40471196346
40788955582
45908121370
38434082775
26882546034
27316183882
31064911614
34878965587
43657076893
45257083247
36856881767
32157938616
32241199927
